5.21 4.31
5.22 5.44
5.23 5.44
5.24 3.18
5.26 5.44
5.27 5.44
5.28 5.44
5.30 5.44
5.31 5.81
5.32 11.44
5.33 21.96
5.35 37.56
5.36 67.76
5.37 105.39
5.39 178.15
5.40 262.09
5.40 357.19
5.41 455.62
5.42 552.27
5.42 658.00
5.43 724.08
5.43 825.27
5.43 913.03
5.44 1032.46
5.44 1138.47
5.45 1242.11
5.46 1340.29
5.46 1447.44
5.47 1605.86
5.48 1682.27
5.49 1473.70
5.49 1389.03
5.49 1201.11
5.49 1095.79
5.49 967.76
5.49 856.24
5.49 757.12
5.50 651.80
5.50 527.90
5.50 430.84
5.50 309.00
5.51 185.10
5.51 87.21
5.53 47.98
5.54 14.82
5.55 6.56
5.57 -2.82
5.58 -2.82
5.59 -2.82
5.60 -2.82
